8 | W: F8 08 0C 00 00 EC 
8 | R: 00 F8 08 1D 00 12 53 57 30 31 2E 30 31 2E 30 30 48 57 30 33 2E 30 30 00 11 
8 | W: F8 08 25 00 02 00 01 D0 
8 | R: F8 08 1D 00 00 DB 
8 | W: F8 08 1F 00 06 00 00 00 00 00 00 D3 
8 | R: F8 08 1D 00 00 DB 
8 | W: F8 08 25 00 02 01 01 CF 
8 | R: F8 08 1D 00 00 DB 
8 | W: F8 08 0F 00 00 E9 
8 | R: F8 08 1D 00 10 00 01 00 00 01 00 01 00 00 00 00 00 00 00 00 00 C8 
8 | W: F8 08 0F 00 00 E9 
8 | R: F8 08 1D 00 10 00 01 00 00 01 00 01 00 00 00 00 00 00 00 00 00 C8 
8 | W: F8 08 0F 00 00 E9 
8 | R: F8 08 1D 00 10 00 01 00 00 01 00 01 00 00 00 00 00 00 00 00 00 C8 
8 | W: F8 08 0F 00 00 E9 
8 | R: F8 08 1D 00 10 00 01 00 00 01 00 01 00 00 00 00 00 00 00 00 00 C8 
8 | W: F8 08 0F 00 00 E9 
8 | R: F8 08 1D 00 10 00 01 00 00 01 00 01 00 00 00 00 00 00 00 00 00 C8 
8 | W: F8 08 0F 00 00 E9 
8 | R: F8 08 1D 00 10 00 01 00 00 01 00 01 00 00 00 00 00 00 00 00 00 C8 
8 | W: F8 08 0F 00 00 E9 
8 | R: F8 08 1D 00 10 00 01 00 00 01 00 01 00 00 00 00 00 00 00 00 00 C8 
8 | W: F8 08 12 00 01 00 E5 
8 | R: F8 08 1D 00 16 01 00 00 06 DE 00 00 00 00 00 00 00 00 00 00 00 00 00 00 00 00 00 E0 
8 | W: F8 08 0F 00 00 E9 
8 | R: F8 08 1D 00 10 00 01 00 00 01 00 01 00 00 00 00 00 00 00 00 00 C8 
8 | W: F8 08 12 00 01 01 E4 
8 | R: F8 08 1D 00 16 24 01 00 00 17 71 00 00 00 00 00 00 00 00 00 00 00 00 00 00 00 00 18 
8 | W: F8 08 0F 00 00 E9 
8 | R: F8 08 1D 00 10 00 01 00 00 01 00 01 00 00 00 00 00 00 00 00 00 C8 
8 | W: F8 08 12 00 01 02 E3 
8 | R: F8 08 1D 00 16 60 01 00 00 07 D0 00 00 00 00 00 00 00 00 00 00 00 00 00 00 00 00 8D 
8 | W: F8 08 0F 00 00 E9 
8 | R: F8 08 1D 00 10 00 01 00 00 01 00 01 00 00 00 00 00 00 00 00 00 C8 
8 | W: F8 08 12 00 01 03 E2 
8 | R: F8 08 1D 00 16 55 01 00 00 13 8D 00 00 00 00 00 00 00 00 00 00 00 00 00 00 00 00 CF 
8 | W: F8 08 0F 00 00 E9 
8 | R: F8 08 1D 00 10 00 01 00 00 01 00 01 00 00 00 00 00 00 00 00 00 C8 
8 | W: F8 08 12 00 01 04 E1 
8 | R: F8 08 1D 00 16 14 01 00 00 4E 33 00 00 00 00 00 00 00 00 00 00 00 00 00 00 00 00 2F 
8 | W: F8 08 0F 00 00 E9 
8 | R: F8 08 1D 00 10 00 01 00 00 01 00 01 00 00 00 00 00 00 00 00 00 C8 
8 | W: F8 08 12 00 01 05 E0 
8 | R: F8 08 1D 00 16 56 01 00 00 01 F4 00 00 00 00 00 00 00 00 00 00 00 00 00 00 00 00 79 
8 | W: F8 08 0F 00 00 E9 
8 | R: F8 08 1D 00 10 00 01 00 00 01 00 01 00 00 00 00 00 00 00 00 00 C8 
8 | W: F8 08 12 00 01 06 DF 
8 | R: F8 08 1D 00 16 12 01 00 00 0B C7 00 00 00 00 00 00 00 00 00 00 00 00 00 00 00 00 E0 
8 | W: F8 08 0F 00 00 E9 
8 | R: F8 08 1D 00 10 00 01 00 00 01 00 01 00 00 00 00 00 00 00 00 00 C8 
8 | W: F8 08 12 00 01 07 DE 
8 | R: F8 08 1D 00 16 25 01 00 00 01 91 00 00 00 00 00 00 00 00 00 00 00 00 00 00 00 00 0D 
8 | W: F8 08 0F 00 00 E9 
8 | R: F8 08 1D 00 10 00 01 00 00 01 00 01 00 00 00 00 00 00 00 00 00 C8 
8 | W: F8 08 0F 00 00 E9 
8 | R: F8 08 1D 00 10 00 01 00 00 01 00 01 00 00 00 00 00 00 00 00 00 C8 
8 | W: F8 08 04 00 3A 31 31 31 31 00 00 00 00 00 00 00 00 00 00 00 00 00 1E 35 32 33 00 00 00 00 00 35 32 33 00 00 00 00 00 00 00 00 00 00 00 00 00 00 00 00 00 00 00 00 00 00 00 00 68 66 67 00 00 6F 
8 | R: F8 08 1C 00 01 01 DA 
8 | W: F8 08 0F 00 00 E9 
8 | R: F8 08 1D 00 10 00 01 00 00 01 00 01 00 00 00 00 00 00 00 00 00 C8 
8 | W: F8 08 0F 00 00 E9 
8 | R: F8 08 1D 00 10 00 01 00 00 01 00 01 00 00 00 00 00 00 00 00 00 C8 
8 | W: F8 08 0F 00 00 E9 
8 | R: F8 08 1D 00 10 00 01 00 00 01 00 01 00 00 00 00 00 00 00 00 00 C8 
8 | W: F8 08 0F 00 00 E9 
8 | R: F8 08 1D 00 10 00 01 00 00 01 00 01 00 00 00 00 00 00 00 00 00 C8 
8 | W: F8 08 09 00 18 31 31 31 31 00 00 00 00 00 00 00 00 00 00 00 00 35 32 33 00 08 4A 09 00 1E 
8 | R: F8 08 1C 00 01 02 D9 
8 | W: F8 08 0F 00 00 E9 
8 | R: F8 08 1D 00 10 00 01 00 00 01 00 01 00 00 00 00 00 00 00 00 00 C8 
8 | W: F8 08 0F 00 00 E9 
8 | R: F8 08 1D 00 10 00 01 00 00 01 00 01 00 00 00 00 00 00 00 00 00 C8 
8 | W: F8 08 0F 00 00 E9 
8 | R: F8 08 1D 00 10 00 01 00 00 01 00 01 00 00 00 00 00 00 00 00 00 C8 
8 | W: F8 08 0F 00 00 E9 
8 | R: F8 08 1D 00 10 00 01 00 00 01 00 01 00 00 00 00 00 00 00 00 00 C8 
8 | W: F8 08 0F 00 00 E9 
8 | R: F8 08 1D 00 10 00 01 00 00 01 00 01 00 00 00 00 00 00 00 00 00 C8 
8 | W: F8 08 0F 00 00 E9 
8 | R: F8 08 1D 00 10 00 01 00 00 01 00 01 00 00 00 00 00 00 00 00 00 C8 
8 | W: F8 08 0F 00 00 E9 
8 | R: F8 08 1D 00 10 00 01 00 00 01 00 01 00 00 00 00 00 00 00 00 00 C8 
8 | W: F8 08 0F 00 00 E9 
8 | R: F8 08 1D 00 10 00 01 00 00 01 00 01 00 00 00 00 00 00 00 00 00 C8 
8 | W: F8 08 0F 00 00 E9 
8 | R: F8 08 1D 00 10 00 01 00 00 01 00 01 00 00 00 00 00 00 00 00 00 C8 
8 | W: F8 08 0F 00 00 E9 
8 | R: F8 08 1D 00 10 00 01 00 00 01 00 01 00 00 00 00 00 00 00 00 00 C8 
8 | W: F8 08 0F 00 00 E9 
8 | R: F8 08 1D 00 10 00 01 00 00 01 00 01 00 00 00 00 00 00 00 00 00 C8 
8 | W: F8 08 12 00 01 01 E4 
8 | R: F8 08 1D 00 16 24 01 00 00 17 71 00 00 00 00 00 00 00 00 00 00 00 00 00 00 00 00 18 
8 | W: F8 08 0F 00 00 E9 
8 | R: F8 08 1D 00 10 00 01 00 00 01 00 01 00 00 00 00 00 00 00 00 00 C8 
8 | W: F8 08 0F 00 00 E9 
8 | R: F8 08 1D 00 10 00 01 00 00 01 00 01 00 00 00 00 00 00 00 00 00 C8 
8 | W: F8 08 0F 00 00 E9 
8 | R: F8 08 1D 00 10 00 01 00 00 01 00 01 00 00 00 00 00 00 00 00 00 C8 
8 | W: F8 08 0F 00 00 E9 
8 | R: F8 08 1D 00 10 00 01 00 00 01 00 01 00 00 00 00 00 00 00 00 00 C8 
8 | W: F8 08 0F 00 00 E9 
8 | R: F8 08 1D 00 10 00 01 00 00 01 00 01 00 00 00 00 00 00 00 00 00 C8 
8 | W: F8 08 0F 00 00 E9 
8 | R: F8 08 1D 00 10 00 01 00 00 01 00 01 00 00 00 00 00 00 00 00 00 C8 
8 | W: F8 08 0F 00 00 E9 
8 | R: F8 08 1D 00 10 00 01 00 00 01 00 01 00 00 00 00 00 00 00 00 00 C8 
8 | W: F8 08 0F 00 00 E9 
8 | R: F8 08 1D 00 10 00 01 00 00 01 00 01 00 00 00 00 00 00 00 00 00 C8 
8 | W: F8 08 0F 00 00 E9 
8 | R: F8 08 1D 00 10 00 01 00 00 01 00 01 00 00 00 00 00 00 00 00 00 C8 
8 | W: F8 08 12 00 01 05 E0 
8 | R: F8 08 1D 00 16 56 01 00 00 01 F4 00 00 00 00 00 00 00 00 00 00 00 00 00 00 00 00 79 
8 | W: F8 08 0F 00 00 E9 
8 | R: F8 08 1D 00 10 00 01 00 00 01 00 01 00 00 00 00 00 00 00 00 00 C8 
8 | W: F8 08 0F 00 00 E9 
8 | R: F8 08 1D 00 10 00 01 00 00 01 00 01 00 00 00 00 00 00 00 00 00 C8 
8 | W: F8 08 0F 00 00 E9 
8 | R: F8 08 1D 00 10 00 01 00 00 01 00 01 00 00 00 00 00 00 00 00 00 C8 
0 | W: F8 00 00 00 05 FC 05 11 27 56 6C 
255 | R: 
0 | W: FC 05 11 27 56 
255 | R: 
1 | W: F8 01 00 00 05 FC 05 11 27 56 6B 
255 | R: 
1 | W: FC 05 11 27 56 
255 | R: 
8 | W: F8 08 1A 00 04 07 07 07 07 BE 
255 | R: 
8 | W: F8 08 1F 00 06 08 05 04 08 05 04 B1 
255 | R: 
0 | W: F8 00 00 00 05 FC 05 11 27 56 6C 
255 | R: 
0 | W: FC 05 11 27 56 
255 | R: 
1 | W: F8 01 00 00 05 FC 05 11 27 56 6B 
255 | R: 
1 | W: FC 05 11 27 56 
255 | R: 
8 | W: F8 08 24 00 04 00 00 00 00 D0 
255 | R: 
8 | W: F8 08 1F 00 06 08 05 04 08 05 04 B1 
8 | R: F8 08 1D 00 00 DB 
0 | W: F8 00 00 00 05 FC 05 11 27 56 6C 
0 | R: F8 00 00 00 05 FC 05 40 2B 15 7A 
1 | W: F8 01 00 00 05 FC 05 11 27 56 6B 
255 | R: 
1 | W: FC 05 11 27 56 
255 | R: 
8 | W: F8 08 12 00 01 03 E2 
8 | R: F8 08 1D 00 16 55 01 00 00 13 8D 00 00 00 00 00 00 00 00 00 00 00 00 00 00 00 00 CF 
8 | W: F8 08 0F 00 00 E9 
8 | R: F8 08 1D 00 10 00 01 00 00 01 00 01 00 00 00 00 00 00 00 00 00 C8 
0 | W: F8 00 00 00 05 FC 05 11 27 56 6C 
0 | R: F8 00 00 00 05 FC 05 40 2B 15 7A 
0 | W: F8 00 00 00 05 FC 05 8A 7D 7C 77 
0 | R: F8 00 00 00 25 FC 25 8A 61 00 00 00 62 0E 02 00 63 0E 05 00 64 0E 0A 00 65 0E 14 00 66 0E 32 00 67 0E 64 00 68 00 00 00 C8 3E F7 
1 | W: F8 01 00 00 05 FC 05 11 27 56 6B 
255 | R: 
1 | W: FC 05 11 27 56 
255 | R: 
6 | W: F8 06 03 00 01 00 F6 
6 | R: F8 06 1D 00 00 DD 
8 | W: F8 08 0F 00 00 E9 
8 | R: F8 08 1D 00 10 00 01 00 00 01 00 01 00 00 00 00 00 00 00 00 00 C8 
0 | W: F8 00 00 00 05 FC 05 11 27 56 6C 
0 | R: F8 00 00 00 05 FC 05 40 2B 15 7A 
0 | W: F8 00 00 00 05 FC 05 88 6F 5F A4 
0 | R: F8 00 00 00 2E FC 2E 88 69 28 41 52 47 29 31 30 30 2D 53 53 20 49 44 30 30 33 2D 30 35 56 31 38 36 2D 32 34 20 31 38 44 45 43 31 32 20 41 42 37 43 19 44 9C 
1 | W: F8 01 00 00 05 FC 05 11 27 56 6B 
255 | R: 
1 | W: FC 05 11 27 56 
255 | R: 
8 | W: F8 08 0F 00 00 E9 
8 | R: F8 08 1D 00 10 00 01 00 00 01 00 01 00 00 00 00 00 00 00 00 00 C8 
0 | W: F8 00 00 00 05 FC 05 11 27 56 6C 
0 | R: F8 00 00 00 05 FC 05 40 2B 15 7A 
1 | W: F8 01 00 00 05 FC 05 11 27 56 6B 
255 | R: 
1 | W: FC 05 11 27 56 
255 | R: 
8 | W: F8 08 0F 00 00 E9 
8 | R: F8 08 1D 00 10 00 01 00 00 01 00 01 00 00 00 00 00 00 00 00 00 C8 
0 | W: F8 00 00 00 05 FC 05 11 27 56 6C 
0 | R: F8 00 00 00 05 FC 05 40 2B 15 7A 
1 | W: F8 01 00 00 05 FC 05 11 27 56 6B 
255 | R: 
1 | W: FC 05 11 27 56 
255 | R: 
8 | W: F8 08 0F 00 00 E9 
8 | R: F8 08 1D 00 10 00 01 00 00 01 00 01 00 00 00 00 00 00 00 00 00 C8 
0 | W: F8 00 00 00 05 FC 05 11 27 56 6C 
0 | R: F8 00 00 00 05 FC 05 40 2B 15 7A 
1 | W: F8 01 00 00 05 FC 05 11 27 56 6B 
255 | R: 
1 | W: FC 05 11 27 56 
255 | R: 
8 | W: F8 08 0F 00 00 E9 
8 | R: F8 08 1D 00 10 00 01 00 00 01 00 01 00 00 00 00 00 00 00 00 00 C8 
0 | W: F8 00 00 00 05 FC 05 11 27 56 6C 
0 | R: F8 00 00 00 05 FC 05 40 2B 15 7A 
1 | W: F8 01 00 00 05 FC 05 11 27 56 6B 
255 | R: 
1 | W: FC 05 11 27 56 
255 | R: 
8 | W: F8 08 0F 00 00 E9 
8 | R: F8 08 1D 00 10 00 01 00 00 01 00 01 00 00 00 00 00 00 00 00 00 C8 
0 | W: F8 00 00 00 05 FC 05 11 27 56 6C 
0 | R: F8 00 00 00 05 FC 05 40 2B 15 7A 
1 | W: F8 01 00 00 05 FC 05 11 27 56 6B 
255 | R: 
1 | W: FC 05 11 27 56 
255 | R: 
8 | W: F8 08 0F 00 00 E9 
8 | R: F8 08 1D 00 10 00 01 00 00 01 00 01 00 00 00 00 00 00 00 00 00 C8 
0 | W: F8 00 00 00 05 FC 05 11 27 56 6C 
0 | R: F8 00 00 00 05 FC 05 40 2B 15 7A 
1 | W: F8 01 00 00 05 FC 05 11 27 56 6B 
255 | R: 
1 | W: FC 05 11 27 56 
255 | R: 
8 | W: F8 08 0F 00 00 E9 
8 | R: F8 08 1D 00 10 00 01 00 00 01 00 01 00 00 00 00 00 00 00 00 00 C8 
0 | W: F8 00 00 00 05 FC 05 11 27 56 6C 
0 | R: F8 00 00 00 05 FC 05 40 2B 15 7A 
1 | W: F8 01 00 00 05 FC 05 11 27 56 6B 
255 | R: 
1 | W: FC 05 11 27 56 
255 | R: 
8 | W: F8 08 0F 00 00 E9 
8 | R: F8 08 1D 00 10 00 01 00 00 01 00 01 00 00 00 00 00 00 00 00 00 C8 
0 | W: F8 00 00 00 05 FC 05 11 27 56 6C 
0 | R: F8 00 00 00 05 FC 05 40 2B 15 7A 
1 | W: F8 01 00 00 05 FC 05 11 27 56 6B 
255 | R: 
1 | W: FC 05 11 27 56 
255 | R: 
8 | W: F8 08 0F 00 00 E9 
8 | R: F8 08 1D 00 10 00 01 00 00 01 00 01 00 00 00 00 00 00 00 00 00 C8 
0 | W: F8 00 00 00 05 FC 05 11 27 56 6C 
0 | R: F8 00 00 00 05 FC 05 40 2B 15 7A 
1 | W: F8 01 00 00 05 FC 05 11 27 56 6B 
255 | R: 
1 | W: FC 05 11 27 56 
255 | R: 
8 | W: F8 08 0F 00 00 E9 
8 | R: F8 08 1D 00 10 00 01 00 00 01 00 01 00 00 00 00 00 00 00 00 00 C8 
0 | W: F8 00 00 00 05 FC 05 11 27 56 6C 
0 | R: F8 00 00 00 05 FC 05 40 2B 15 7A 
1 | W: F8 01 00 00 05 FC 05 11 27 56 6B 
255 | R: 
1 | W: FC 05 11 27 56 
255 | R: 
8 | W: F8 08 0F 00 00 E9 
8 | R: F8 08 1D 00 10 00 01 00 00 01 00 01 00 00 00 00 00 00 00 00 00 C8 
0 | W: F8 00 00 00 05 FC 05 11 27 56 6C 
0 | R: F8 00 00 00 05 FC 05 40 2B 15 7A 
1 | W: F8 01 00 00 05 FC 05 11 27 56 6B 
255 | R: 
1 | W: FC 05 11 27 56 
255 | R: 
8 | W: F8 08 0F 00 00 E9 
8 | R: F8 08 1D 00 10 00 01 00 00 01 00 01 00 00 00 00 00 00 00 00 00 C8 
0 | W: F8 00 00 00 05 FC 05 11 27 56 6C 
0 | R: F8 00 00 00 05 FC 05 40 2B 15 7A 
1 | W: F8 01 00 00 05 FC 05 11 27 56 6B 
255 | R: 
1 | W: FC 05 11 27 56 
255 | R: 
8 | W: F8 08 0F 00 00 E9 
8 | R: F8 08 1D 00 10 00 01 00 00 01 00 01 00 00 00 00 00 00 00 00 00 C8 
0 | W: F8 00 00 00 05 FC 05 11 27 56 6C 
0 | R: F8 00 00 00 05 FC 05 40 2B 15 7A 
1 | W: F8 01 00 00 05 FC 05 11 27 56 6B 
255 | R: 
1 | W: FC 05 11 27 56 
255 | R: 
8 | W: F8 08 0F 00 00 E9 
8 | R: F8 08 1D 00 10 00 01 00 00 01 00 01 00 00 00 00 00 00 00 00 00 C8 
0 | W: F8 00 00 00 05 FC 05 11 27 56 6C 
0 | R: F8 00 00 00 05 FC 05 40 2B 15 7A 
8 | W: F8 08 0C 00 00 EC 
8 | R: 00 F8 08 1D 00 12 53 57 30 31 2E 30 31 2E 30 30 48 57 30 33 2E 30 30 00 11 
8 | W: F8 08 25 00 02 00 01 D0 
8 | R: F8 08 1D 00 00 DB 
8 | W: F8 08 1F 00 06 00 00 00 00 00 00 D3 
8 | R: F8 08 1D 00 00 DB 
8 | W: F8 08 25 00 02 01 01 CF 
8 | R: F8 08 1D 00 00 DB 
8 | W: F8 08 0F 00 00 E9 
8 | R: F8 08 1D 00 10 00 01 00 00 01 00 01 00 00 00 00 00 00 00 00 00 C8 
8 | W: F8 08 0F 00 00 E9 
8 | R: F8 08 1D 00 10 00 01 00 00 01 00 01 00 00 00 00 00 00 00 00 00 C8 
8 | W: F8 08 0F 00 00 E9 
8 | R: F8 08 1D 00 10 00 01 00 00 01 00 01 00 00 00 00 00 00 00 00 00 C8 
8 | W: F8 08 0F 00 00 E9 
8 | R: F8 08 1D 00 10 00 01 00 00 01 00 01 00 00 00 00 00 00 00 00 00 C8 
8 | W: F8 08 0F 00 00 E9 
8 | R: F8 08 1D 00 10 00 01 00 00 01 00 01 00 00 00 00 00 00 00 00 00 C8 
8 | W: F8 08 0F 00 00 E9 
8 | R: F8 08 1D 00 10 00 01 00 00 01 00 01 00 00 00 00 00 00 00 00 00 C8 
8 | W: F8 08 12 00 01 00 E5 
8 | R: F8 08 1D 00 16 01 00 00 06 DE 00 00 00 00 00 00 00 00 00 00 00 00 00 00 00 00 00 E0 
8 | W: F8 08 0F 00 00 E9 
8 | R: F8 08 1D 00 10 00 01 00 00 01 00 01 00 00 00 00 00 00 00 00 00 C8 
8 | W: F8 08 12 00 01 01 E4 
8 | R: F8 08 1D 00 16 24 01 00 00 17 71 00 00 00 00 00 00 00 00 00 00 00 00 00 00 00 00 18 
8 | W: F8 08 0F 00 00 E9 
8 | R: F8 08 1D 00 10 00 01 00 00 01 00 01 00 00 00 00 00 00 00 00 00 C8 
8 | W: F8 08 12 00 01 02 E3 
8 | R: F8 08 1D 00 16 60 01 00 00 07 D0 00 00 00 00 00 00 00 00 00 00 00 00 00 00 00 00 8D 
8 | W: F8 08 0F 00 00 E9 
8 | R: F8 08 1D 00 10 00 01 00 00 01 00 01 00 00 00 00 00 00 00 00 00 C8 
8 | W: F8 08 12 00 01 03 E2 
8 | R: F8 08 1D 00 16 55 01 00 00 13 8D 00 00 00 00 00 00 00 00 00 00 00 00 00 00 00 00 CF 
8 | W: F8 08 0F 00 00 E9 
8 | R: F8 08 1D 00 10 00 01 00 00 01 00 01 00 00 00 00 00 00 00 00 00 C8 
8 | W: F8 08 12 00 01 04 E1 
8 | R: F8 08 1D 00 16 14 01 00 00 4E 33 00 00 00 00 00 00 00 00 00 00 00 00 00 00 00 00 2F 
8 | W: F8 08 0F 00 00 E9 
8 | R: F8 08 1D 00 10 00 01 00 00 01 00 01 00 00 00 00 00 00 00 00 00 C8 
8 | W: F8 08 12 00 01 05 E0 
8 | R: F8 08 1D 00 16 56 01 00 00 01 F4 00 00 00 00 00 00 00 00 00 00 00 00 00 00 00 00 79 
8 | W: F8 08 0F 00 00 E9 
8 | R: F8 08 1D 00 10 00 01 00 00 01 00 01 00 00 00 00 00 00 00 00 00 C8 
8 | W: F8 08 12 00 01 06 DF 
8 | R: F8 08 1D 00 16 12 01 00 00 0B C7 00 00 00 00 00 00 00 00 00 00 00 00 00 00 00 00 E0 
8 | W: F8 08 0F 00 00 E9 
8 | R: F8 08 1D 00 10 00 01 00 00 01 00 01 00 00 00 00 00 00 00 00 00 C8 
8 | W: F8 08 12 00 01 07 DE 
8 | R: F8 08 1D 00 16 25 01 00 00 01 91 00 00 00 00 00 00 00 00 00 00 00 00 00 00 00 00 0D 
8 | W: F8 08 0F 00 00 E9 
8 | R: F8 08 1D 00 10 00 01 00 00 01 00 01 00 00 00 00 00 00 00 00 00 C8 
8 | W: F8 08 04 00 3A 31 31 31 31 00 00 00 00 00 00 00 00 00 00 00 00 00 1E 35 32 33 00 00 00 00 00 35 32 33 00 00 00 00 00 00 00 00 00 00 00 00 00 00 00 00 00 00 00 00 00 00 00 00 68 66 67 00 00 6F 
8 | R: F8 08 1C 00 01 01 DA 
8 | W: F8 08 0F 00 00 E9 
8 | R: F8 08 1D 00 10 00 01 00 00 01 00 01 00 00 00 00 00 00 00 00 00 C8 
8 | W: F8 08 0F 00 00 E9 
8 | R: F8 08 1D 00 10 00 01 00 00 01 00 01 00 00 00 00 00 00 00 00 00 C8 
8 | W: F8 08 0F 00 00 E9 
8 | R: F8 08 1D 00 10 00 01 00 00 01 00 01 00 00 00 00 00 00 00 00 00 C8 
8 | W: F8 08 0F 00 00 E9 
8 | R: F8 08 1D 00 10 00 01 00 00 01 00 01 00 00 00 00 00 00 00 00 00 C8 
8 | W: F8 08 09 00 18 31 31 31 31 00 00 00 00 00 00 00 00 00 00 00 00 35 32 33 00 08 4A 09 00 1E 
8 | R: F8 08 1C 00 01 02 D9 
8 | W: F8 08 0F 00 00 E9 
8 | R: F8 08 1D 00 10 00 01 00 00 01 00 01 00 00 00 00 00 00 00 00 00 C8 
8 | W: F8 08 0F 00 00 E9 
8 | R: F8 08 1D 00 10 00 01 00 00 01 00 01 00 00 00 00 00 00 00 00 00 C8 
8 | W: F8 08 0F 00 00 E9 
8 | R: F8 08 1D 00 10 00 01 00 00 01 00 01 00 00 00 00 00 00 00 00 00 C8 
8 | W: F8 08 0F 00 00 E9 
8 | R: F8 08 1D 00 10 00 01 00 00 01 00 01 00 00 00 00 00 00 00 00 00 C8 
8 | W: F8 08 0F 00 00 E9 
8 | R: F8 08 1D 00 10 00 01 00 00 01 00 01 00 00 00 00 00 00 00 00 00 C8 
8 | W: F8 08 0F 00 00 E9 
8 | R: F8 08 1D 00 10 00 01 00 00 01 00 01 00 00 00 00 00 00 00 00 00 C8 
8 | W: F8 08 0F 00 00 E9 
8 | R: F8 08 1D 00 10 00 01 00 00 01 00 01 00 00 00 00 00 00 00 00 00 C8 
8 | W: F8 08 0F 00 00 E9 
8 | R: F8 08 1D 00 10 00 01 00 00 01 00 01 00 00 00 00 00 00 00 00 00 C8 
8 | W: F8 08 0F 00 00 E9 
8 | R: F8 08 1D 00 10 00 01 00 00 01 00 01 00 00 00 00 00 00 00 00 00 C8 
8 | W: F8 08 12 00 01 01 E4 
8 | R: F8 08 1D 00 16 24 01 00 00 17 71 00 00 00 00 00 00 00 00 00 00 00 00 00 00 00 00 18 
8 | W: F8 08 0F 00 00 E9 
8 | R: F8 08 1D 00 10 00 01 00 00 01 00 01 00 00 00 00 00 00 00 00 00 C8 
8 | W: F8 08 0F 00 00 E9 
8 | R: F8 08 1D 00 10 00 01 00 00 01 00 01 00 00 00 00 00 00 00 00 00 C8 
8 | W: F8 08 0F 00 00 E9 
8 | R: F8 08 1D 00 10 00 01 00 00 01 00 01 00 00 00 00 00 00 00 00 00 C8 
8 | W: F8 08 0F 00 00 E9 
8 | R: F8 08 1D 00 10 00 01 00 00 01 00 01 00 00 00 00 00 00 00 00 00 C8 
8 | W: F8 08 0F 00 00 E9 
8 | R: F8 08 1D 00 10 00 01 00 00 01 00 01 00 00 00 00 00 00 00 00 00 C8 
8 | W: F8 08 0F 00 00 E9 
8 | R: F8 08 1D 00 10 00 01 00 00 01 00 01 00 00 00 00 00 00 00 00 00 C8 
8 | W: F8 08 0F 00 00 E9 
8 | R: F8 08 1D 00 10 00 01 00 00 01 00 01 00 00 00 00 00 00 00 00 00 C8 
8 | W: F8 08 12 00 01 05 E0 
8 | R: F8 08 1D 00 16 56 01 00 00 01 F4 00 00 00 00 00 00 00 00 00 00 00 00 00 00 00 00 79 
8 | W: F8 08 0F 00 00 E9 
8 | R: F8 08 1D 00 10 00 01 00 00 01 00 01 00 00 00 00 00 00 00 00 00 C8 
8 | W: F8 08 0F 00 00 E9 
8 | R: F8 08 1D 00 10 00 01 00 00 01 00 01 00 00 00 00 00 00 00 00 00 C8 
8 | W: F8 08 0F 00 00 E9 
8 | R: F8 08 1D 00 10 00 01 00 00 01 00 01 00 00 00 00 00 00 00 00 00 C8 
0 | W: F8 00 00 00 05 FC 05 11 27 56 6C 
255 | R: 
0 | W: FC 05 11 27 56 
255 | R: 
1 | W: F8 01 00 00 05 FC 05 11 27 56 6B 
255 | R: 
1 | W: FC 05 11 27 56 
255 | R: 
8 | W: F8 08 1A 00 04 07 07 07 07 BE 
255 | R: 
8 | W: F8 08 1F 00 06 08 05 04 08 05 04 B1 
255 | R: 
0 | W: F8 00 00 00 05 FC 05 11 27 56 6C 
255 | R: 
0 | W: FC 05 11 27 56 
255 | R: 
1 | W: F8 01 00 00 05 FC 05 11 27 56 6B 
255 | R: 
1 | W: FC 05 11 27 56 
255 | R: 
8 | W: F8 08 24 00 04 00 00 00 00 D0 
255 | R: 
8 | W: F8 08 1F 00 06 08 05 04 08 05 04 B1 
8 | R: F8 08 1D 00 00 DB 
0 | W: F8 00 00 00 05 FC 05 11 27 56 6C 
0 | R: F8 00 00 00 05 FC 05 40 2B 15 7A 
1 | W: F8 01 00 00 05 FC 05 11 27 56 6B 
255 | R: 
1 | W: FC 05 11 27 56 
255 | R: 
8 | W: F8 08 12 00 01 03 E2 
8 | R: F8 08 1D 00 16 55 01 00 00 13 8D 00 00 00 00 00 00 00 00 00 00 00 00 00 00 00 00 CF 
8 | W: F8 08 0F 00 00 E9 
8 | R: F8 08 1D 00 10 00 01 00 00 01 00 01 00 00 00 00 00 00 00 00 00 C8 
0 | W: F8 00 00 00 05 FC 05 11 27 56 6C 
0 | R: F8 00 00 00 05 FC 05 40 2B 15 7A 
0 | W: F8 00 00 00 05 FC 05 8A 7D 7C 77 
0 | R: F8 00 00 00 25 FC 25 8A 61 00 00 00 62 0E 02 00 63 0E 05 00 64 0E 0A 00 65 0E 14 00 66 0E 32 00 67 0E 64 00 68 00 00 00 C8 3E F7 
1 | W: F8 01 00 00 05 FC 05 11 27 56 6B 
255 | R: 
1 | W: FC 05 11 27 56 
255 | R: 
6 | W: F8 06 03 00 01 00 F6 
6 | R: F8 06 1D 00 00 DD 
8 | W: F8 08 0F 00 00 E9 
8 | R: F8 08 1D 00 10 00 01 00 00 01 00 01 00 00 00 00 00 00 00 00 00 C8 
0 | W: F8 00 00 00 05 FC 05 11 27 56 6C 
0 | R: F8 00 00 00 05 FC 05 40 2B 15 7A 
0 | W: F8 00 00 00 05 FC 05 88 6F 5F A4 
0 | R: F8 00 00 00 2E FC 2E 88 69 28 41 52 47 29 31 30 30 2D 53 53 20 49 44 30 30 33 2D 30 35 56 31 38 36 2D 32 34 20 31 38 44 45 43 31 32 20 41 42 37 43 19 44 9C 
1 | W: F8 01 00 00 05 FC 05 11 27 56 6B 
255 | R: 
1 | W: FC 05 11 27 56 
255 | R: 
8 | W: F8 08 0F 00 00 E9 
8 | R: F8 08 1D 00 10 00 01 00 00 01 00 01 00 00 00 00 00 00 00 00 00 C8 
0 | W: F8 00 00 00 05 FC 05 11 27 56 6C 
0 | R: F8 00 00 00 05 FC 05 40 2B 15 7A 
1 | W: F8 01 00 00 05 FC 05 11 27 56 6B 
255 | R: 
1 | W: FC 05 11 27 56 
255 | R: 
8 | W: F8 08 0F 00 00 E9 
8 | R: F8 08 1D 00 10 00 01 00 00 01 00 01 00 00 00 00 00 00 00 00 00 C8 
0 | W: F8 00 00 00 05 FC 05 11 27 56 6C 
0 | R: F8 00 00 00 05 FC 05 40 2B 15 7A 
1 | W: F8 01 00 00 05 FC 05 11 27 56 6B 
255 | R: 
1 | W: FC 05 11 27 56 
255 | R: 
8 | W: F8 08 0F 00 00 E9 
8 | R: F8 08 1D 00 10 00 01 00 00 01 00 01 00 00 00 00 00 00 00 00 00 C8 
0 | W: F8 00 00 00 05 FC 05 11 27 56 6C 
0 | R: F8 00 00 00 05 FC 05 40 2B 15 7A 
1 | W: F8 01 00 00 05 FC 05 11 27 56 6B 
255 | R: 
1 | W: FC 05 11 27 56 
255 | R: 
8 | W: F8 08 0F 00 00 E9 
8 | R: F8 08 1D 00 10 00 01 00 00 01 00 01 00 00 00 00 00 00 00 00 00 C8 
0 | W: F8 00 00 00 05 FC 05 11 27 56 6C 
0 | R: F8 00 00 00 05 FC 05 40 2B 15 7A 
1 | W: F8 01 00 00 05 FC 05 11 27 56 6B 
255 | R: 
1 | W: FC 05 11 27 56 
255 | R: 
8 | W: F8 08 0F 00 00 E9 
8 | R: F8 08 1D 00 10 00 01 00 00 01 00 01 00 00 00 00 00 00 00 00 00 C8 
0 | W: F8 00 00 00 05 FC 05 11 27 56 6C 
0 | R: F8 00 00 00 05 FC 05 40 2B 15 7A 
1 | W: F8 01 00 00 05 FC 05 11 27 56 6B 
255 | R: 
1 | W: FC 05 11 27 56 
255 | R: 
8 | W: F8 08 0F 00 00 E9 
8 | R: F8 08 1D 00 10 00 01 00 00 01 00 01 00 00 00 00 00 00 00 00 00 C8 
0 | W: F8 00 00 00 05 FC 05 11 27 56 6C 
0 | R: F8 00 00 00 05 FC 05 40 2B 15 7A 
1 | W: F8 01 00 00 05 FC 05 11 27 56 6B 
255 | R: 
1 | W: FC 05 11 27 56 
255 | R: 
8 | W: F8 08 0F 00 00 E9 
8 | R: F8 08 1D 00 10 00 01 00 00 01 00 01 00 00 00 00 00 00 00 00 00 C8 
0 | W: F8 00 00 00 05 FC 05 11 27 56 6C 
0 | R: F8 00 00 00 05 FC 05 40 2B 15 7A 
1 | W: F8 01 00 00 05 FC 05 11 27 56 6B 
255 | R: 
1 | W: FC 05 11 27 56 
255 | R: 
8 | W: F8 08 0F 00 00 E9 
8 | R: F8 08 1D 00 10 00 01 00 00 01 00 01 00 00 00 00 00 00 00 00 00 C8 
0 | W: F8 00 00 00 05 FC 05 11 27 56 6C 
0 | R: F8 00 00 00 05 FC 05 40 2B 15 7A 
1 | W: F8 01 00 00 05 FC 05 11 27 56 6B 
255 | R: 
1 | W: FC 05 11 27 56 
255 | R: 
8 | W: F8 08 0F 00 00 E9 
8 | R: F8 08 1D 00 10 00 01 00 00 01 00 01 00 00 00 00 00 00 00 00 00 C8 
0 | W: F8 00 00 00 05 FC 05 11 27 56 6C 
0 | R: F8 00 00 00 05 FC 05 40 2B 15 7A 
1 | W: F8 01 00 00 05 FC 05 11 27 56 6B 
255 | R: 
1 | W: FC 05 11 27 56 
255 | R: 
8 | W: F8 08 0F 00 00 E9 
8 | R: F8 08 1D 00 10 00 01 00 00 01 00 01 00 00 00 00 00 00 00 00 00 C8 
0 | W: F8 00 00 00 05 FC 05 11 27 56 6C 
0 | R: F8 00 00 00 05 FC 05 40 2B 15 7A 
1 | W: F8 01 00 00 05 FC 05 11 27 56 6B 
255 | R: 
1 | W: FC 05 11 27 56 
255 | R: 
8 | W: F8 08 0F 00 00 E9 
8 | R: F8 08 1D 00 10 00 01 00 00 01 00 01 00 00 00 00 00 00 00 00 00 C8 
0 | W: F8 00 00 00 05 FC 05 11 27 56 6C 
0 | R: F8 00 00 00 05 FC 05 40 2B 15 7A 
1 | W: F8 01 00 00 05 FC 05 11 27 56 6B 
255 | R: 
1 | W: FC 05 11 27 56 
255 | R: 
8 | W: F8 08 0F 00 00 E9 
8 | R: F8 08 1D 00 10 00 01 00 00 01 00 01 00 00 00 00 00 00 00 00 00 C8 
0 | W: F8 00 00 00 05 FC 05 11 27 56 6C 
0 | R: F8 00 00 00 05 FC 05 40 2B 15 7A 
1 | W: F8 01 00 00 05 FC 05 11 27 56 6B 
255 | R: 
1 | W: FC 05 11 27 56 
255 | R: 
8 | W: F8 08 0F 00 00 E9 
8 | R: F8 08 1D 00 10 00 01 00 00 01 00 01 00 00 00 00 00 00 00 00 00 C8 
0 | W: F8 00 00 00 05 FC 05 11 27 56 6C 
0 | R: F8 00 00 00 05 FC 05 40 2B 15 7A 
1 | W: F8 01 00 00 05 FC 05 11 27 56 6B 
255 | R: 
1 | W: FC 05 11 27 56 
255 | R: 
8 | W: F8 08 0F 00 00 E9 
8 | R: F8 08 1D 00 10 00 01 00 00 01 00 01 00 00 00 00 00 00 00 00 00 C8 
0 | W: F8 00 00 00 05 FC 05 11 27 56 6C 
0 | R: F8 00 00 00 05 FC 05 40 2B 15 7A 
1 | W: F8 01 00 00 05 FC 05 11 27 56 6B 
255 | R: 
1 | W: FC 05 11 27 56 
255 | R: 
8 | W: F8 08 0F 00 00 E9 
8 | R: F8 08 1D 00 10 00 01 00 00 01 00 01 00 00 00 00 00 00 00 00 00 C8 
0 | W: F8 00 00 00 05 FC 05 11 27 56 6C 
0 | R: F8 00 00 00 05 FC 05 40 2B 15 7A 
1 | W: F8 01 00 00 05 FC 05 11 27 56 6B 
255 | R: 
1 | W: FC 05 11 27 56 
255 | R: 
8 | W: F8 08 0F 00 00 E9 
8 | R: F8 08 1D 00 10 00 01 00 00 01 00 01 00 00 00 00 00 00 00 00 00 C8 
0 | W: F8 00 00 00 05 FC 05 11 27 56 6C 
0 | R: F8 00 00 00 05 FC 05 40 2B 15 7A 
1 | W: F8 01 00 00 05 FC 05 11 27 56 6B 
255 | R: 
1 | W: FC 05 11 27 56 
255 | R: 
8 | W: F8 08 0F 00 00 E9 
8 | R: F8 08 1D 00 10 00 01 00 00 01 00 01 00 00 00 00 00 00 00 00 00 C8 
0 | W: F8 00 00 00 05 FC 05 11 27 56 6C 
0 | R: F8 00 00 00 05 FC 05 40 2B 15 7A 
1 | W: F8 01 00 00 05 FC 05 11 27 56 6B 
255 | R: 
1 | W: FC 05 11 27 56 
255 | R: 
8 | W: F8 08 0F 00 00 E9 
8 | R: F8 08 1D 00 10 00 01 00 00 01 00 01 00 00 00 00 00 00 00 00 00 C8 
0 | W: F8 00 00 00 05 FC 05 11 27 56 6C 
0 | R: F8 00 00 00 05 FC 05 40 2B 15 7A 
1 | W: F8 01 00 00 05 FC 05 11 27 56 6B 
255 | R: 
1 | W: FC 05 11 27 56 
255 | R: 
8 | W: F8 08 0F 00 00 E9 
8 | R: F8 08 1D 00 10 00 01 00 00 01 00 01 00 00 00 00 00 00 00 00 00 C8 
0 | W: F8 00 00 00 05 FC 05 11 27 56 6C 
0 | R: F8 00 00 00 05 FC 05 40 2B 15 7A 
1 | W: F8 01 00 00 05 FC 05 11 27 56 6B 
255 | R: 
1 | W: FC 05 11 27 56 
255 | R: 
8 | W: F8 08 0F 00 00 E9 
8 | R: F8 08 1D 00 10 00 01 00 00 01 00 01 00 00 00 00 00 00 00 00 00 C8 
0 | W: F8 00 00 00 05 FC 05 11 27 56 6C 
0 | R: F8 00 00 00 05 FC 05 40 2B 15 7A 
1 | W: F8 01 00 00 05 FC 05 11 27 56 6B 
255 | R: 
1 | W: FC 05 11 27 56 
255 | R: 
8 | W: F8 08 0F 00 00 E9 
8 | R: F8 08 1D 00 10 00 01 00 00 01 00 01 00 00 00 00 00 00 00 00 00 C8 
0 | W: F8 00 00 00 05 FC 05 11 27 56 6C 
0 | R: F8 00 00 00 05 FC 05 40 2B 15 7A 
1 | W: F8 01 00 00 05 FC 05 11 27 56 6B 
255 | R: 
1 | W: FC 05 11 27 56 
255 | R: 
8 | W: F8 08 0F 00 00 E9 
8 | R: F8 08 1D 00 10 00 01 00 00 01 00 01 00 00 00 00 00 00 00 00 00 C8 
0 | W: F8 00 00 00 05 FC 05 11 27 56 6C 
0 | R: F8 00 00 00 05 FC 05 40 2B 15 7A 
1 | W: F8 01 00 00 05 FC 05 11 27 56 6B 
255 | R: 
1 | W: FC 05 11 27 56 
255 | R: 
8 | W: F8 08 0F 00 00 E9 
8 | R: F8 08 1D 00 10 00 01 00 00 01 00 01 00 00 00 00 00 00 00 00 00 C8 
0 | W: F8 00 00 00 05 FC 05 11 27 56 6C 
0 | R: F8 00 00 00 05 FC 05 40 2B 15 7A 
1 | W: F8 01 00 00 05 FC 05 11 27 56 6B 
255 | R: 
1 | W: FC 05 11 27 56 
255 | R: 
8 | W: F8 08 0F 00 00 E9 
8 | R: F8 08 1D 00 10 00 01 00 00 01 00 01 00 00 00 00 00 00 00 00 00 C8 
0 | W: F8 00 00 00 05 FC 05 11 27 56 6C 
0 | R: F8 00 00 00 05 FC 05 40 2B 15 7A 
1 | W: F8 01 00 00 05 FC 05 11 27 56 6B 
255 | R: 
1 | W: FC 05 11 27 56 
255 | R: 
8 | W: F8 08 0F 00 00 E9 
8 | R: F8 08 1D 00 10 00 01 00 00 01 00 01 00 00 00 00 00 00 00 00 00 C8 
0 | W: F8 00 00 00 05 FC 05 11 27 56 6C 
0 | R: F8 00 00 00 05 FC 05 40 2B 15 7A 
1 | W: F8 01 00 00 05 FC 05 11 27 56 6B 
255 | R: 
1 | W: FC 05 11 27 56 
255 | R: 
8 | W: F8 08 0F 00 00 E9 
8 | R: F8 08 1D 00 10 00 01 00 00 01 00 01 00 00 00 00 00 00 00 00 00 C8 
0 | W: F8 00 00 00 05 FC 05 11 27 56 6C 
0 | R: F8 00 00 00 05 FC 05 40 2B 15 7A 
1 | W: F8 01 00 00 05 FC 05 11 27 56 6B 
255 | R: 
1 | W: FC 05 11 27 56 
255 | R: 
8 | W: F8 08 0F 00 00 E9 
8 | R: F8 08 1D 00 10 00 01 00 00 01 00 01 00 00 00 00 00 00 00 00 00 C8 
0 | W: F8 00 00 00 05 FC 05 11 27 56 6C 
0 | R: F8 00 00 00 05 FC 05 40 2B 15 7A 
1 | W: F8 01 00 00 05 FC 05 11 27 56 6B 
255 | R: 
1 | W: FC 05 11 27 56 
255 | R: 
8 | W: F8 08 0F 00 00 E9 
8 | R: F8 08 1D 00 10 00 01 00 00 01 00 01 00 00 00 00 00 00 00 00 00 C8 
0 | W: F8 00 00 00 05 FC 05 11 27 56 6C 
0 | R: F8 00 00 00 05 FC 05 40 2B 15 7A 
1 | W: F8 01 00 00 05 FC 05 11 27 56 6B 
255 | R: 
1 | W: FC 05 11 27 56 
255 | R: 
8 | W: F8 08 0F 00 00 E9 
8 | R: F8 08 1D 00 10 00 01 00 00 01 00 01 00 00 00 00 00 00 00 00 00 C8 
0 | W: F8 00 00 00 05 FC 05 11 27 56 6C 
0 | R: F8 00 00 00 05 FC 05 40 2B 15 7A 
1 | W: F8 01 00 00 05 FC 05 11 27 56 6B 
255 | R: 
1 | W: FC 05 11 27 56 
255 | R: 
8 | W: F8 08 0F 00 00 E9 
8 | R: F8 08 1D 00 10 00 01 00 00 01 00 01 00 00 00 00 00 00 00 00 00 C8 
0 | W: F8 00 00 00 05 FC 05 11 27 56 6C 
0 | R: F8 00 00 00 05 FC 05 40 2B 15 7A 
1 | W: F8 01 00 00 05 FC 05 11 27 56 6B 
255 | R: 
1 | W: FC 05 11 27 56 
255 | R: 
8 | W: F8 08 0F 00 00 E9 
8 | R: F8 08 1D 00 10 00 01 00 00 01 00 01 00 00 00 00 00 00 00 00 00 C8 
0 | W: F8 00 00 00 05 FC 05 11 27 56 6C 
0 | R: F8 00 00 00 05 FC 05 40 2B 15 7A 
1 | W: F8 01 00 00 05 FC 05 11 27 56 6B 
255 | R: 
1 | W: FC 05 11 27 56 
255 | R: 
8 | W: F8 08 0F 00 00 E9 
8 | R: F8 08 1D 00 10 00 01 00 00 01 00 01 00 00 00 00 00 00 00 00 00 C8 
0 | W: F8 00 00 00 05 FC 05 11 27 56 6C 
0 | R: F8 00 00 00 05 FC 05 40 2B 15 7A 
1 | W: F8 01 00 00 05 FC 05 11 27 56 6B 
255 | R: 
1 | W: FC 05 11 27 56 
255 | R: 
8 | W: F8 08 0F 00 00 E9 
8 | R: F8 08 1D 00 10 00 01 00 00 01 00 01 00 00 00 00 00 00 00 00 00 C8 
0 | W: F8 00 00 00 05 FC 05 11 27 56 6C 
0 | R: F8 00 00 00 05 FC 05 40 2B 15 7A 
1 | W: F8 01 00 00 05 FC 05 11 27 56 6B 
255 | R: 
1 | W: FC 05 11 27 56 
255 | R: 
8 | W: F8 08 0F 00 00 E9 
8 | R: F8 08 1D 00 10 00 01 00 00 01 00 01 00 00 00 00 00 00 00 00 00 C8 
0 | W: F8 00 00 00 05 FC 05 11 27 56 6C 
0 | R: F8 00 00 00 05 FC 05 40 2B 15 7A 
1 | W: F8 01 00 00 05 FC 05 11 27 56 6B 
255 | R: 
1 | W: FC 05 11 27 56 
255 | R: 
8 | W: F8 08 0F 00 00 E9 
8 | R: F8 08 1D 00 10 00 01 00 00 01 00 01 00 00 00 00 00 00 00 00 00 C8 
0 | W: F8 00 00 00 05 FC 05 11 27 56 6C 
0 | R: F8 00 00 00 05 FC 05 40 2B 15 7A 
1 | W: F8 01 00 00 05 FC 05 11 27 56 6B 
255 | R: 
1 | W: FC 05 11 27 56 
255 | R: 
8 | W: F8 08 0F 00 00 E9 
8 | R: F8 08 1D 00 10 00 01 00 00 01 00 01 00 00 00 00 00 00 00 00 00 C8 
0 | W: F8 00 00 00 05 FC 05 11 27 56 6C 
0 | R: F8 00 00 00 05 FC 05 40 2B 15 7A 
1 | W: F8 01 00 00 05 FC 05 11 27 56 6B 
255 | R: 
1 | W: FC 05 11 27 56 
255 | R: 
8 | W: F8 08 0F 00 00 E9 
8 | R: F8 08 1D 00 10 00 01 00 00 01 00 01 00 00 00 00 00 00 00 00 00 C8 
0 | W: F8 00 00 00 05 FC 05 11 27 56 6C 
0 | R: F8 00 00 00 05 FC 05 40 2B 15 7A 
1 | W: F8 01 00 00 05 FC 05 11 27 56 6B 
255 | R: 
1 | W: FC 05 11 27 56 
255 | R: 
8 | W: F8 08 0F 00 00 E9 
8 | R: F8 08 1D 00 10 00 01 00 00 01 00 01 00 00 00 00 00 00 00 00 00 C8 
0 | W: F8 00 00 00 05 FC 05 11 27 56 6C 
0 | R: F8 00 00 00 05 FC 05 40 2B 15 7A 
1 | W: F8 01 00 00 05 FC 05 11 27 56 6B 
255 | R: 
1 | W: FC 05 11 27 56 
255 | R: 
8 | W: F8 08 0F 00 00 E9 
8 | R: F8 08 1D 00 10 00 01 00 00 01 00 01 00 00 00 00 00 00 00 00 00 C8 
0 | W: F8 00 00 00 05 FC 05 11 27 56 6C 
0 | R: F8 00 00 00 05 FC 05 40 2B 15 7A 
1 | W: F8 01 00 00 05 FC 05 11 27 56 6B 
255 | R: 
1 | W: FC 05 11 27 56 
255 | R: 
8 | W: F8 08 0F 00 00 E9 
8 | R: F8 08 1D 00 10 00 01 00 00 01 00 01 00 00 00 00 00 00 00 00 00 C8 
0 | W: F8 00 00 00 05 FC 05 11 27 56 6C 
0 | R: F8 00 00 00 05 FC 05 40 2B 15 7A 
1 | W: F8 01 00 00 05 FC 05 11 27 56 6B 
255 | R: 
1 | W: FC 05 11 27 56 
255 | R: 
8 | W: F8 08 0F 00 00 E9 
8 | R: F8 08 1D 00 10 00 01 00 00 01 00 01 00 00 00 00 00 00 00 00 00 C8 
0 | W: F8 00 00 00 05 FC 05 11 27 56 6C 
0 | R: F8 00 00 00 05 FC 05 40 2B 15 7A 
1 | W: F8 01 00 00 05 FC 05 11 27 56 6B 
255 | R: 
1 | W: FC 05 11 27 56 
255 | R: 
8 | W: F8 08 0F 00 00 E9 
8 | R: F8 08 1D 00 10 00 01 00 00 01 00 01 00 00 00 00 00 00 00 00 00 C8 
0 | W: F8 00 00 00 05 FC 05 11 27 56 6C 
0 | R: F8 00 00 00 05 FC 05 40 2B 15 7A 
1 | W: F8 01 00 00 05 FC 05 11 27 56 6B 
255 | R: 
1 | W: FC 05 11 27 56 
255 | R: 
8 | W: F8 08 0F 00 00 E9 
8 | R: F8 08 1D 00 10 00 01 00 00 01 00 01 00 00 00 00 00 00 00 00 00 C8 
0 | W: F8 00 00 00 05 FC 05 11 27 56 6C 
0 | R: F8 00 00 00 05 FC 05 40 2B 15 7A 
1 | W: F8 01 00 00 05 FC 05 11 27 56 6B 
255 | R: 
1 | W: FC 05 11 27 56 
255 | R: 
8 | W: F8 08 0F 00 00 E9 
8 | R: F8 08 1D 00 10 00 01 00 00 01 00 01 00 00 00 00 00 00 00 00 00 C8 
0 | W: F8 00 00 00 05 FC 05 11 27 56 6C 
0 | R: F8 00 00 00 05 FC 05 40 2B 15 7A 
1 | W: F8 01 00 00 05 FC 05 11 27 56 6B 
255 | R: 
1 | W: FC 05 11 27 56 
255 | R: 
8 | W: F8 08 0F 00 00 E9 
8 | R: F8 08 1D 00 10 00 01 00 00 01 00 01 00 00 00 00 00 00 00 00 00 C8 
0 | W: F8 00 00 00 05 FC 05 11 27 56 6C 
0 | R: F8 00 00 00 05 FC 05 40 2B 15 7A 
1 | W: F8 01 00 00 05 FC 05 11 27 56 6B 
255 | R: 
1 | W: FC 05 11 27 56 
255 | R: 
8 | W: F8 08 0F 00 00 E9 
8 | R: F8 08 1D 00 10 00 01 00 00 01 00 01 00 00 00 00 00 00 00 00 00 C8 
0 | W: F8 00 00 00 05 FC 05 11 27 56 6C 
0 | R: F8 00 00 00 05 FC 05 40 2B 15 7A 
1 | W: F8 01 00 00 05 FC 05 11 27 56 6B 
255 | R: 
1 | W: FC 05 11 27 56 
255 | R: 
8 | W: F8 08 0F 00 00 E9 
8 | R: F8 08 1D 00 10 00 01 00 00 01 00 01 00 00 00 00 00 00 00 00 00 C8 
0 | W: F8 00 00 00 05 FC 05 11 27 56 6C 
0 | R: F8 00 00 00 05 FC 05 40 2B 15 7A 
1 | W: F8 01 00 00 05 FC 05 11 27 56 6B 
255 | R: 
1 | W: FC 05 11 27 56 
255 | R: 
8 | W: F8 08 0F 00 00 E9 
8 | R: F8 08 1D 00 10 00 01 00 00 01 00 01 00 00 00 00 00 00 00 00 00 C8 
0 | W: F8 00 00 00 05 FC 05 11 27 56 6C 
0 | R: F8 00 00 00 05 FC 05 40 2B 15 7A 
1 | W: F8 01 00 00 05 FC 05 11 27 56 6B 
255 | R: 
1 | W: FC 05 11 27 56 
255 | R: 
8 | W: F8 08 0F 00 00 E9 
8 | R: F8 08 1D 00 10 00 01 00 00 01 00 01 00 00 00 00 00 00 00 00 00 C8 
0 | W: F8 00 00 00 05 FC 05 11 27 56 6C 
0 | R: F8 00 00 00 05 FC 05 40 2B 15 7A 
1 | W: F8 01 00 00 05 FC 05 11 27 56 6B 
255 | R: 
1 | W: FC 05 11 27 56 
255 | R: 
8 | W: F8 08 0F 00 00 E9 
8 | R: F8 08 1D 00 10 00 01 00 00 01 00 01 00 00 00 00 00 00 00 00 00 C8 
0 | W: F8 00 00 00 05 FC 05 11 27 56 6C 
0 | R: F8 00 00 00 05 FC 05 40 2B 15 7A 
1 | W: F8 01 00 00 05 FC 05 11 27 56 6B 
255 | R: 
1 | W: FC 05 11 27 56 
255 | R: 
8 | W: F8 08 0F 00 00 E9 
8 | R: F8 08 1D 00 10 00 01 00 00 01 00 01 00 00 00 00 00 00 00 00 00 C8 
0 | W: F8 00 00 00 05 FC 05 11 27 56 6C 
0 | R: F8 00 00 00 05 FC 05 40 2B 15 7A 
1 | W: F8 01 00 00 05 FC 05 11 27 56 6B 
255 | R: 
1 | W: FC 05 11 27 56 
255 | R: 
8 | W: F8 08 0F 00 00 E9 
8 | R: F8 08 1D 00 10 00 01 00 00 01 00 01 00 00 00 00 00 00 00 00 00 C8 
0 | W: F8 00 00 00 05 FC 05 11 27 56 6C 
0 | R: F8 00 00 00 05 FC 05 40 2B 15 7A 
1 | W: F8 01 00 00 05 FC 05 11 27 56 6B 
255 | R: 
1 | W: FC 05 11 27 56 
255 | R: 
8 | W: F8 08 0F 00 00 E9 
8 | R: F8 08 1D 00 10 00 01 00 00 01 00 01 00 00 00 00 00 00 00 00 00 C8 
0 | W: F8 00 00 00 05 FC 05 11 27 56 6C 
0 | R: F8 00 00 00 05 FC 05 40 2B 15 7A 
1 | W: F8 01 00 00 05 FC 05 11 27 56 6B 
255 | R: 
1 | W: FC 05 11 27 56 
255 | R: 
8 | W: F8 08 0F 00 00 E9 
8 | R: F8 08 1D 00 10 00 01 00 00 01 00 01 00 00 00 00 00 00 00 00 00 C8 
0 | W: F8 00 00 00 05 FC 05 11 27 56 6C 
0 | R: F8 00 00 00 05 FC 05 40 2B 15 7A 
1 | W: F8 01 00 00 05 FC 05 11 27 56 6B 
255 | R: 
1 | W: FC 05 11 27 56 
255 | R: 
8 | W: F8 08 0F 00 00 E9 
8 | R: F8 08 1D 00 10 00 01 00 00 01 00 01 00 00 00 00 00 00 00 00 00 C8 
0 | W: F8 00 00 00 05 FC 05 11 27 56 6C 
0 | R: F8 00 00 00 05 FC 05 40 2B 15 7A 
1 | W: F8 01 00 00 05 FC 05 11 27 56 6B 
255 | R: 
1 | W: FC 05 11 27 56 
255 | R: 
8 | W: F8 08 0F 00 00 E9 
8 | R: F8 08 1D 00 10 00 01 00 00 01 00 01 00 00 00 00 00 00 00 00 00 C8 
0 | W: F8 00 00 00 05 FC 05 11 27 56 6C 
0 | R: F8 00 00 00 05 FC 05 40 2B 15 7A 
1 | W: F8 01 00 00 05 FC 05 11 27 56 6B 
255 | R: 
1 | W: FC 05 11 27 56 
255 | R: 
8 | W: F8 08 0F 00 00 E9 
8 | R: F8 08 1D 00 10 00 01 00 00 01 00 01 00 00 00 00 00 00 00 00 00 C8 
0 | W: F8 00 00 00 05 FC 05 11 27 56 6C 
0 | R: F8 00 00 00 05 FC 05 40 2B 15 7A 
1 | W: F8 01 00 00 05 FC 05 11 27 56 6B 
255 | R: 
1 | W: FC 05 11 27 56 
255 | R: 
8 | W: F8 08 0F 00 00 E9 
8 | R: F8 08 1D 00 10 00 01 00 00 01 00 01 00 00 00 00 00 00 00 00 00 C8 
0 | W: F8 00 00 00 05 FC 05 11 27 56 6C 
0 | R: F8 00 00 00 05 FC 05 40 2B 15 7A 
1 | W: F8 01 00 00 05 FC 05 11 27 56 6B 
255 | R: 
1 | W: FC 05 11 27 56 
255 | R: 
8 | W: F8 08 0F 00 00 E9 
8 | R: F8 08 1D 00 10 00 01 00 00 01 00 01 00 00 00 00 00 00 00 00 00 C8 
0 | W: F8 00 00 00 05 FC 05 11 27 56 6C 
0 | R: F8 00 00 00 05 FC 05 40 2B 15 7A 
1 | W: F8 01 00 00 05 FC 05 11 27 56 6B 
255 | R: 
1 | W: FC 05 11 27 56 
255 | R: 
8 | W: F8 08 0F 00 00 E9 
8 | R: F8 08 1D 00 10 00 01 00 00 01 00 01 00 00 00 00 00 00 00 00 00 C8 
0 | W: F8 00 00 00 05 FC 05 11 27 56 6C 
0 | R: F8 00 00 00 05 FC 05 40 2B 15 7A 
1 | W: F8 01 00 00 05 FC 05 11 27 56 6B 
255 | R: 
1 | W: FC 05 11 27 56 
255 | R: 
8 | W: F8 08 0F 00 00 E9 
8 | R: F8 08 1D 00 10 00 01 00 00 01 00 01 00 00 00 00 00 00 00 00 00 C8 
0 | W: F8 00 00 00 05 FC 05 11 27 56 6C 
0 | R: F8 00 00 00 05 FC 05 40 2B 15 7A 
1 | W: F8 01 00 00 05 FC 05 11 27 56 6B 
255 | R: 
1 | W: FC 05 11 27 56 
255 | R: 
8 | W: F8 08 0F 00 00 E9 
8 | R: F8 08 1D 00 10 00 01 00 00 01 00 01 00 00 00 00 00 00 00 00 00 C8 
0 | W: F8 00 00 00 05 FC 05 11 27 56 6C 
0 | R: F8 00 00 00 05 FC 05 40 2B 15 7A 
1 | W: F8 01 00 00 05 FC 05 11 27 56 6B 
255 | R: 
1 | W: FC 05 11 27 56 
255 | R: 
8 | W: F8 08 0F 00 00 E9 
8 | R: F8 08 1D 00 10 00 01 00 00 01 00 01 00 00 00 00 00 00 00 00 00 C8 
0 | W: F8 00 00 00 05 FC 05 11 27 56 6C 
0 | R: F8 00 00 00 05 FC 05 40 2B 15 7A 
1 | W: F8 01 00 00 05 FC 05 11 27 56 6B 
255 | R: 
1 | W: FC 05 11 27 56 
255 | R: 
8 | W: F8 08 0F 00 00 E9 
8 | R: F8 08 1D 00 10 00 01 00 00 01 00 01 00 00 00 00 00 00 00 00 00 C8 
0 | W: F8 00 00 00 05 FC 05 11 27 56 6C 
0 | R: F8 00 00 00 05 FC 05 40 2B 15 7A 
1 | W: F8 01 00 00 05 FC 05 11 27 56 6B 
255 | R: 
1 | W: FC 05 11 27 56 
255 | R: 
8 | W: F8 08 0F 00 00 E9 
8 | R: F8 08 1D 00 10 00 01 00 00 01 00 01 00 00 00 00 00 00 00 00 00 C8 
0 | W: F8 00 00 00 05 FC 05 11 27 56 6C 
0 | R: F8 00 00 00 05 FC 05 40 2B 15 7A 
1 | W: F8 01 00 00 05 FC 05 11 27 56 6B 
255 | R: 
1 | W: FC 05 11 27 56 
255 | R: 
8 | W: F8 08 0F 00 00 E9 
8 | R: F8 08 1D 00 10 00 01 00 00 01 00 01 00 00 00 00 00 00 00 00 00 C8 
0 | W: F8 00 00 00 05 FC 05 11 27 56 6C 
0 | R: F8 00 00 00 05 FC 05 40 2B 15 7A 
1 | W: F8 01 00 00 05 FC 05 11 27 56 6B 
255 | R: 
1 | W: FC 05 11 27 56 
255 | R: 
8 | W: F8 08 0F 00 00 E9 
8 | R: F8 08 1D 00 10 00 01 00 00 01 00 01 00 00 00 00 00 00 00 00 00 C8 
0 | W: F8 00 00 00 05 FC 05 11 27 56 6C 
0 | R: F8 00 00 00 05 FC 05 40 2B 15 7A 
1 | W: F8 01 00 00 05 FC 05 11 27 56 6B 
255 | R: 
1 | W: FC 05 11 27 56 
255 | R: 
8 | W: F8 08 0F 00 00 E9 
8 | R: F8 08 1D 00 10 00 01 00 00 01 00 01 00 00 00 00 00 00 00 00 00 C8 
0 | W: F8 00 00 00 05 FC 05 11 27 56 6C 
0 | R: F8 00 00 00 05 FC 05 40 2B 15 7A 
1 | W: F8 01 00 00 05 FC 05 11 27 56 6B 
255 | R: 
1 | W: FC 05 11 27 56 
255 | R: 
8 | W: F8 08 0F 00 00 E9 
8 | R: F8 08 1D 00 10 00 01 00 00 01 00 01 00 00 00 00 00 00 00 00 00 C8 
0 | W: F8 00 00 00 05 FC 05 11 27 56 6C 
0 | R: F8 00 00 00 05 FC 05 40 2B 15 7A 
1 | W: F8 01 00 00 05 FC 05 11 27 56 6B 
255 | R: 
1 | W: FC 05 11 27 56 
255 | R: 
8 | W: F8 08 0F 00 00 E9 
8 | R: F8 08 1D 00 10 00 01 00 00 01 00 01 00 00 00 00 00 00 00 00 00 C8 
0 | W: F8 00 00 00 05 FC 05 11 27 56 6C 
0 | R: F8 00 00 00 05 FC 05 40 2B 15 7A 
1 | W: F8 01 00 00 05 FC 05 11 27 56 6B 
255 | R: 
1 | W: FC 05 11 27 56 
255 | R: 
8 | W: F8 08 0F 00 00 E9 
8 | R: F8 08 1D 00 10 00 01 00 00 01 00 01 00 00 00 00 00 00 00 00 00 C8 
0 | W: F8 00 00 00 05 FC 05 11 27 56 6C 
0 | R: F8 00 00 00 05 FC 05 40 2B 15 7A 
1 | W: F8 01 00 00 05 FC 05 11 27 56 6B 
255 | R: 
1 | W: FC 05 11 27 56 
255 | R: 
8 | W: F8 08 0F 00 00 E9 
8 | R: F8 08 1D 00 10 00 01 00 00 01 00 01 00 00 00 00 00 00 00 00 00 C8 
0 | W: F8 00 00 00 05 FC 05 11 27 56 6C 
0 | R: F8 00 00 00 05 FC 05 40 2B 15 7A 
1 | W: F8 01 00 00 05 FC 05 11 27 56 6B 
255 | R: 
1 | W: FC 05 11 27 56 
255 | R: 
8 | W: F8 08 0F 00 00 E9 
8 | R: F8 08 1D 00 10 00 01 00 00 01 00 01 00 00 00 00 00 00 00 00 00 C8 
0 | W: F8 00 00 00 05 FC 05 11 27 56 6C 
0 | R: F8 00 00 00 05 FC 05 40 2B 15 7A 
1 | W: F8 01 00 00 05 FC 05 11 27 56 6B 
255 | R: 
1 | W: FC 05 11 27 56 
255 | R: 
8 | W: F8 08 0F 00 00 E9 
8 | R: F8 08 1D 00 10 00 01 00 00 01 00 01 00 00 00 00 00 00 00 00 00 C8 
0 | W: F8 00 00 00 05 FC 05 11 27 56 6C 
0 | R: F8 00 00 00 05 FC 05 40 2B 15 7A 
1 | W: F8 01 00 00 05 FC 05 11 27 56 6B 
255 | R: 
1 | W: FC 05 11 27 56 
255 | R: 
8 | W: F8 08 0F 00 00 E9 
8 | R: F8 08 1D 00 10 00 01 00 00 01 00 01 00 00 00 00 00 00 00 00 00 C8 
0 | W: F8 00 00 00 05 FC 05 11 27 56 6C 
0 | R: F8 00 00 00 05 FC 05 40 2B 15 7A 
1 | W: F8 01 00 00 05 FC 05 11 27 56 6B 
255 | R: 
1 | W: FC 05 11 27 56 
255 | R: 
8 | W: F8 08 0F 00 00 E9 
8 | R: F8 08 1D 00 10 00 01 00 00 01 00 01 00 00 00 00 00 00 00 00 00 C8 
0 | W: F8 00 00 00 05 FC 05 11 27 56 6C 
0 | R: F8 00 00 00 05 FC 05 40 2B 15 7A 
